epoch:0 0.0146  0.0494  0.0040  0.0000  0.0024  0.0203  0.0264  0.0475  0.0480  0.0000  0.0063  0.0664  0.9080  0.005000
epoch:1 0.1457  0.3710  0.0732  0.0017  0.0627  0.1838  0.2139  0.3197  0.3269  0.0247  0.1664  0.4014  0.5572  0.005000
